-8
-9
-12
-11
-11
-8
-6
-9
-9
-10
-8
-7
-9
-8
-10
-11
-10
-9
-8
-12
-10
-9
-5
6
10
14
17
13
11
5
0
-7
-13
-11
-10
-9
-10
-12
-9
-12
-10
-11
-32
-31
17
94
152
134
62
-14
-41
-25
-15
-11
-10
-8
-7
-9
-7
-9
-9
-8
-8
-3
-3
-1
2
1
5
8
9
12
14
21
23
25
33
31
29
25
20
10
0
-3
-7
-9
-9
-11
-7
-7
-8
-6
-8
-10
-14
-14
-12
-14
-11
-13
-14
-12
-15
-12
-11
-11
-11
-14
-13
-12
-11
-9
-13
-11
-10
-9
-5
-1
5
8
8
10
8
6
-1
-10
-12
-13
-10
-12
-14
-12
-13
-11
-9
-12
-30
-34
15
90
149
141
67
-7
-39
-27
-12
-13
-11
-10
-13
-11
-11
-10
-8
-7
-4
-7
-4
0
0
4
2
4
8
7
11
15
22
29
33
34
28
26
22
13
5
-4
-7
-6
-6
-4
-7
-8
-7
-10
-8
-9
-10
-10
-12
-10
-10
-9
-9
-12
-12
-14
-12
-10
-10
-8
-12
-14
-14
-16
-14
-15
-14
-11
-8
0
4
11
14
10
9
3
-2
-8
-16
-15
-14
-12
-11
-14
-12
-13
-12
-12
-31
-36
3
76
141
138
73
-6
-46
-29
-14
-12
-14
-15
-13
-12
-8
-8
-9
-6
-6
-3
-2
0
1
0
3
5
8
12
14
20
22
27
33
30
28
26
23
13
0
-4
-10
-14
-10
-12
-11
-12
-12
-10
-11
-10
-12
-12
-8
-12
-11
-10
-11
-10
-13
-11
-10
-10
-8
-10
-8
-9
-10
-6
-8
-7
-9
-10
-3
0
6
12
12
12
8
9
3
-4
-7
-12
-13
-12
-12
-11
-11
-8
-9
-10
-24
-35
3
74
136
144
82
2
-41
-31
-10
-11
-12
-13
-14
-12
-14
-11
-9
-11
-7
-7
-5
-3
-3
0
0
4
8
9
14
17
24
32
33
32
27
27
24
12
3
-6
-12
-12
-12
-10
-11
-7
-5
-9
-6
-7
-8
-8
-11
-8
-8
-7
-7
-10
-7
-8
-8
-7
-10
-8
-9
-10
-9
-13
-11
-10
-8
-7
-6
3
7
8
10
10
11
6
1
-4
-10
-9
-11
-12
-8
-8
-7
-10
-12
-10
-27
-39
-8
61
134
145
88
6
-42
-34
-17
-13
-13
-13
-12
-14
-12
-13
-14
-11
-13
-10
-7
-1
2
1
3
4
5
10
10
15
20
26
33
29
27
24
20
12
-1
-7
-11
-16
-15
-16
-14
-14
-13
-11
-14
-14
-13
-13
-8
-10
-11
-10
-12
-11
-13
-11
-10
-11
-10
-11
-7
-6
-8
-5
-6
-4
-5
-8
-3
2
11
14
12
14
13
10
5
-1
-6
-12
-9
-5
-6
-5
-9
-7
-6
-7
-17
-36
-10
59
131
155
100
18
-38
-37
-11
-8
-11
-13
-15
-12
-11
-11
-10
-9
-3
-3
-4
-3
-4
0
4
6
9
9
14
15
20
26
28
30
27
25
23
13
3
-8
-13
-13
-15
-11
-12
-13
-12
-14
-12
-12
-13
-13
-14
-11
-12
-10
-7
-9
-6
-9
-10
-7
-8
-6
-6
-5
-4
-9
-8
-9
-11
-9
-7
0
6
10
15
13
12
7
0
-5
-11
-9
-8
-10
-9
-11
-9
-10
-11
-8
-22
-39
-19
46
124
151
107
25
-39
-42
-22
-13
-13
-14
-10
-12
-10
-10
-12
-8
-9
-6
-7
-10
-4
-2
2
4
3
9
12
18
24
31
36
33
32
29
23
15
1
-5
-10
-14
-11
-13
-13
-11
-12
-11
-16
-15
-13
-15
-13
-13
-11
-10
-12
-9
-11
-12
-10
-12
-10
-11
-10
-8
-10
-8
-10
-10
-10
-12
-8
-3
3
9
12
16
13
11
8
-1
-7
-9
-6
-5
-10
-9
-9
-9
-7
-8
-16
-38
-21
42
115
154
114
32
-31
-43
-19
-12
-13
-13
-15
-14
-15
-13
-10
-11
-7
-8
-9
-6
-5
0
1
4
9
10
16
18
22
28
31
36
31
27
30
22
9
-4
-8
-8
-11
-8
-9
-12
-11
-13
-9
-11
-13
-10
-12
-13
-12
-11
-10
-12
-9
-10
-11
-9
-12
-12
-13
-14
-11
-10
-8
-10
-12
-8
-8
-1
5
9
13
11
11
9
3
-1
-7
-7
-11
-13
-11
-14
-12
-12
-12
-9
-19
-37
-24
32
110
151
119
39
-31
-41
-22
-10
-8
-10
-10
-11
-10
-10
-10
-6
-7
-3
-1
-4
-2
-1
2
4
4
11
11
15
20
25
31
30
31
29
25
21
8
0
-3
-11
-12
-15
-14
-13
-12
-9
-12
-10
-9
-13
-12
-13
-10
-9
-10
-7
-10
-11
-10
-11
-9
-10
-11
-11
-12
-9
-10
-10
-10
-11
-7
-2
3
10
11
13
10
7
2
-7
-9
-11
-9
-6
-10
-9
-10
-11
-10
-9
-14
-36
-29
26
99
151
124
48
-21
-45
-21
-10
-12
-13
-14
-8
-8
-7
-5
-9
-6
-5
-4
-1
0
5
3
2
4
5
10
13
19
27
29
32
29
26
28
20
11
1
-3
-3
-10
-10
-10
-13
-12
-11
-9
-11
-12
-11
-13
-11
-10
-13
-11
-12
-10
-10
-11
-9
-12
-11
-12
-14
-11
-11
-9
-9
-11
-9
-10
-4
2
8
15
13
14
10
4
1
-5
-8
-10
-11
-9
-11
-10
-9
-9
-5
-12
-32
-30
18
96
150
135
58
-20
-44
-26
-11
-11
-12
-9
-12
-10
-7
-8
-5
-7
-5
-1
-2
0
0
0
2
4
9
8
11
18
23
33
34
32
29
22
19
8
-3
-10
-15
-11
-13
-14
-12
-12
-11
-15
-14
-11
-14
-10
-11
-11
-11
-14
-12
-13
-13
-12
-14
-11
-10
-10
-8
-11
-11
-13
-10
-8
-11
-7
-2
3
10
11
14
11
7
5
-3
-6
-8
-10
-10
-10
-8
-11
-12
-10
-10
-10
-32
-35
12
82
144
135
64
-12
-51
-32
-16
-16
-12
-14
-14
-12
-10
-7
-9
-8
-7
-6
-1
-3
0
0
0
5
5
8
12
17
24
28
31
30
27
27
21
12
0
-8
-10
-14
-12
-12
-14
-11
-13
-12
-11
-10
-6
-9
-9
-9
-10
-7
-10
-9
-9
-10
-7
-10
-9
-8
-10
-10
-12
-10
-8
-11
-12
-11
-1
6
7
10
9
11
11
6
2
-5
-9
-8
-10
-9
-8
-8
-9
-13
-9
-10
-27
-35
4
82
145
141
74
-5
-43
-32
-12
-8
-12
-12
-11
-10
-9
-9
-5
-5
-3
-1
-5
-3
0
1
4
4
10
10
12
18
24
32
31
27
25
25
27
15
2
-5
-11
-10
-11
-11
-9
-10
-6
-9
-10
-8
-11
-11
-10
-10
-8
-11
-11
-12
-10
-9
-13
-11
-10
-9
-9
-10
-8
-10
-13
-11
-12
-9
-8
-1
6
9
14
14
10
7
0
-6
-8
-9
-8
-10
-11
-12
-13
-10
-11
-10
-27
-41
-1
69
139
146
82
4
-44
-32
-10
-8
-9
-10
-9
-9
-10
-8
-9
-7
-6
-6
-3
-4
0
0
0
7
7
8
9
12
20
22
27
29
25
23
18
10
0
-10
-11
-12
-12
-12
-13
-12
-14
-13
-11
-13
-11
-11
-11
-11
-12
-9
-10
-10
-9
-11
-10
-12
-12
-12
-11
-8
-13
-14
-12
-13
-10
-12
-8
1
7
13
13
12
12
9
5
-3
-7
-8
-10
-9
-11
-9
-9
-13
-9
-10
-25
-35
-5
63
131
147
91
6
-41
-35
-14
-10
-14
-11
-10
-10
-9
-10
-6
-7
-8
-5
-5
-1
-1
0
5
6
10
13
15
20
23
31
34
33
31
26
25
17
4
-1
-9
-12
-13
-12
-8
-9
-7
-6
-8
-10
-10
-7
-8
-10
-8
-8
-7
-9
-11
-11
-14
-14
-15
-16
-12
-14
-14
-12
-12
-8
-11
-10
-6
0
8
10
13
14
11
8
1
-3
-9
-11
-8
-9
-8
-8
-9
-9
-12
-11
-25
-44
-14
54
129
151
98
19
-38
-35
-13
-11
-11
-13
-11
-10
-12
-8
-9
-7
-4
-6
-4
-3
0
0
0
6
5
5
10
14
21
23
29
32
28
28
25
15
4
-5
-10
-14
-13
-11
-12
-9
-13
-15
-14
-15
-12
-13
-11
-10
-13
-11
-12
-11
-10
-12
-9
-10
-10
-9
-9
-7
-10
-10
-8
-10
-9
-11
-8
0
2
9
13
11
10
5
2
-4
-9
-8
-11
-10
-9
-8
-6
-8
-6
-8
-21
-38
-16
50
122
151
108
25
-36
-42
-19
-11
-16
-15
-13
-10
-8
-10
-8
-9
-9
-5
-5
-2
-2
-3
0
0
6
9
10
16
20
28
30
29
30
26
25
19
7
-1
-9
-11
-13
-14
-11
-14
-12
-9
-10
-8
-10
-8
-8
-12
-11
-13
-11
-11
-11
-8
-10
-8
-7
-9
-4
-5
-5
-7
-8
-6
-8
-7
-3
1
8
9
12
14
11
10
3
-2
-9
-12
-9
-11
-14
-14
-14
-13
-15
-11
-19
-41
-22
38
114
150
108
31
-33
-43
-22
-15
-11
-13
-14
-11
-12
-10
-10
-9
-9
-10
-5
-5
-3
0
0
3
5
6
10
14
22
25
31
34
28
27
25
19
8
-1
-4
-9
-10
-7
-10
-9
-11
-11
-8
-9
-8
-9
-9
-8
-11
-10
-10
-10
-9
-11
-9
-10
-11
-10
-12
-11
-14
-14
-11
-12
-8
-6
-5
1
6
12
12
11
14
12
7
-2
-10
-9
-13
-10
-10
-11
-10
-12
-10
-6
-14
-34
-25
36
111
152
122
42
-25
-42
-23
-12
-12
-10
-11
-14
-11
-12
-12
-10
-8
-5
-5
-3
-1
-1
3
5
7
9
11
18
21
28
31
30
32
30
29
21
5
-1
-9
-12
-11
-12
-9
-11
-10
-11
-12
-8
-9
-10
-11
-12
-10
-12
-13
-9
-9
-10
-12
-13
-12
-13
-9
-11
-10
-10
-12
-10
-13
-14
-10
-5
3
5
9
12
10
9
2
-5
-8
-10
-8
-10
-11
-8
-10
-11
-14
-11
-16
-39
-29
24
99
151
124
48
-26
-46
-22
-13
-12
-13
-12
-9
-12
-11
-10
-7
-3
-4
-1
-1
-2
0
0
4
6
8
11
12
20
25
30
34
31
29
25
18
8
-3
-5
-10
-14
-10
-10
-9
-10
-11
-8
-9
-7
-8
-9
-7
-10
-9
-8
-10
-9
-11
-8
-8
-8
-6
-10
-7
-6
-9
-8
-11
-9
-8
-9
-1
3
9
12
12
13
7
4
0
-8
-7
-10
-10
-10
-10
-9
-12
-10
-10
-16
-33
-33
18
93
148
133
54
-20
-47
-30
-12
-13
-13
-12
-14
-11
-12
-11
-8
-7
-2
-3
0
2
1
5
6
8
11
12
16
19
25
32
31
32
29
27
23
10
0
-10
-12
-12
-15
-14
-15
-14
-11
-10
-7
-11
-13
-12
-13
-10
-13
-13
-11
-12
-10
-12
-12
-9
-12
-9
-10
-11
-11
-13
-10
-12
-12
-9
-6
1
3
5
9
5
5
1
-5
-10
-14
-10
-11
-12
-10
-11
-10
-12
-11
-10
-32
-36
9
83
144
132
63
-14
-48
-28
-13
-12
-13
-11
-8
-10
-10
-8
-6
-5
-8
-3
0
0
4
3
6
9
10
14
14
18
24
30
34
30
29
29
23
15
2
-3
-6
-10
-9
-10
-9
-8
-8
-5
-9
-10
-10
-13
-11
-13
-10
-10
-12
-9
-11
-10
-10
-11
-9
-10
-8
-8
-9
-7
-11
-10
-8
-7
-1
1
7
12
12
14
9
5
0
-8
-11
-13
-12
-12
-15
-12
-13
-13
-11
-14
-28
-35
6
80
142
142
72
-6
-44
-34
-13
-10
-10
-9
-9
-6
-8
-10
-7
-7
-6
-7
-3
0
-1
1
2
4
9
9
14
18
23
31
33
32
28
26
22
10
3
-6
-13
-11
-10
-10
-13
-11
-6
-9
-9
-9
-8
-8
-12
-10
-12
-11
-9
-10
-7
-9
-11
-8
-9
-9
-10
-11
-10
-13
-12
-14
-15
-9
-6
0
6
8
11
9
9
5
-2
-7
-12
-10
-10
-13
-11
-14
-11
-7
-8
-10
-30
-36
1
71
141
145
82
0
-45
-30
-10
-9
-11
-12
-9
-12
-13
-10
-10
-8
-8
-6
-2
0
4
0
3
5
6
11
11
18
26
30
36
35
34
32
23
15
4
-3
-9
-15
-12
-11
-10
-10
-12
-10
-11
-13
-12
-13
-12
-14
-12
-11
-13
-11
-11
-11
-10
-10
-7
-9
-10
-8
-9
-6
-7
-8
-8
-10
-4
1
7
11
12
14
12
10
6
-4
-6
-9
-12
-11
-13
-10
-11
-14
-12
-11
-24
-40
-7
67
134
148
91
10
-39
-34
-10
-10
-13
-10
-11
-9
-10
-11
-9
-12
-9
-5
-5
-4
-3
0
0
0
6
7
10
13
18
26
28
28
24
21
21
11
0
-7
-13
-12
-15
-15
-15
-15
-12
-13
-13
-14
-14
-11
-14
-10
-10
-14
-12
-13
-9
-7
-9
-8
-10
-8
-6
-8
-6
-8
-8
-10
-11
-8
-7
0
5
5
10
9
9
6
1
-2
-11
-10
-9
-12
-11
-12
-11
-10
-10
-7
-23
-38
-6
60
134
152
99
18
-41
-34
-12
-10
-10
-9
-5
-9
-11
-11
-10
-7
-9
-9
-5
-5
-1
0
2
6
6
11
13
17
22
24
31
29
24
24
20
13
1
-7
-13
-17
-14
-14
-13
-10
-14
-13
-13
-13
-11
-12
-11
-14
-15
-10
-11
-9
-9
-8
-5
-7
-6
-6
-7
-3
-4
-3
-6
-9
-8
-11
-6
0
6
11
10
13
13
7
3
-4
-7
-9
-12
-11
-13
-12
-10
-10
-10
-12
-21
-39
-19
49
123
151
103
21
-35
-40
-16
-9
-12
-10
-11
-10
-9
-10
-7
-9
-8
-5
-5
-1
0
1
3
4
10
11
13
17
21
30
33
34
30
24
24
15
5
-3
-11
-10
-9
-8
-9
-12
-9
-8
-9
-10
-13
-10
-11
-13
-13
-14
-10
-11
-11
-9
-10
-10
-12
-11
-9
-10
-9
-12
-11
-9
-13
-10
-7
0
8
10
15
13
10
10
5
-1
-9
-10
-9
-11
-10
-11
-10
-9
-11
-6
-18
-39
-21
38
117
151
109
31
-33
-41
-21
-13
-10
-13
-9
-10
-10
-6
-7
-4
-4
-6
-4
-5
-1
1
2
6
7
10
11
13
22
29
36
35
29
28
25
20
7
-4
-8
-12
-10
-10
-13
-11
-12
-11
-11
-12
-9
-11
-13
-13
-13
-12
-14
-11
-12
-13
-9
-12
-11
-9
-9
-7
-10
-10
-10
-12
-10
-10
-5
0
4
11
12
14
14
9
6
-4
-9
-10
-11
-9
-12
-13
-12
-13
-10
-10
-18
-37
-27
34
109
152
119
37
-28
-42
-20
-9
-12
-12
-14
-13
-11
-13
-9
-8
-8
-6
-4
0
-1
0
3
3
6
7
10
17
22
27
28
31
32
27
27
20
7
-2
-9
-10
-11
-11
-9
-12
-9
-11
-13
-10
-11
-10
-11
-12
-11
-14
-11
-11
-10
-9
-12
-11
-12
-12
-10
-10
-9
-9
-8
-7
-10
-9
-8
-4
6
10
14
12
10
12
5
0
-7
-10
-7
-9
-8
-10
-12
-10
-12
-8
-14
-36
-26
27
102
150
124
50
-24
-42
-23
-15
-14
-16
-14
-13
-15
-12
-13
-11
-7
-10
-7
-5
-2
0
-1
2
3
7
10
10
17
22
26
28
25
26
26
20
6
-7
-10
-14
-14
-13
-15
-14
-14
-13
-13
-16
-13
-13
-12
-10
-13
-12
-12
-12
-13
-13
-10
-13
-13
-12
-13
-10
-11
-14
-13
-12
-9
-10
-8
-1
3
12
12
11
14
9
6
0
-8
-10
-12
-8
-8
-9
-7
-10
-8
-8
-14
-30
-29
25
102
153
134
57
-14
-41
-24
-9
-11
-9
-9
-9
-7
-8
-5
-3
-2
-1
-3
-1
0
2
7
6
9
11
11
16
17
23
30
33
35
31
30
24
10
1
-6
-8
-10
-10
-7
-10
-11
-10
-11
-9
-11
-11
-11
-13
-10
-12
-11
-8
-9
-8
-9
-8
-7
-10
-9
-10
-10
-8
-8
-9
-11
-9
-8
-7
0
4
10
13
11
12
5
0
-6
-10
-8
-10
-10
-9
-9
-6
-8
-6
-8
-30
-31
14
88
147
134
63
-15
-45
-25
-12
-10
-11
-9
-8
-11
-12
-12
-13
-13
-14
-8
-7
-6
-2
-3
2
4
4
10
13
19
24
29
34
30
29
25
18
9
-3
-8
-14
-16
-12
-15
-14
-13
-15
-13
-15
-13
-14
-15
-12
-14
-11
-11
-12
-10
-13
-12
-12
-12
-8
-10
-9
-8
-11
-10
-12
-10
-8
-8
-3
0
5
10
11
13
10
5
0
-9
-9
-10
-8
-7
-8
-5
-9
-9
-6
-10
-28
-36
9
85
147
145
72
-6
-43
-31
-13
-14
-13
-11
-13
-9
-10
-10
-8
-7
-3
-4
-3
-1
-2
4
7
11
13
12
18
22
27
33
33
33
28
25
22
9
0
-8
-14
-14
-15
-12
-12
-11
-10
-13
-12
-15
-16
-13
-15
-15
-16
-14
-11
-12
-10
-13
-15
-11
-11
-10
-10
-12
-11
-13
-10
-10
-11
-8
-7
0
7
10
13
12
11
5
0
-3
-10
-9
-8
-10
-8
-10
-9
-11
-11
-10
-29
-36
0
73
143
144
82
0
-43
-29
-13
-10
-10
-11
-8
-11
-12
-11
-9
-6
-8
-8
-6
-5
-1
-2
0
4
6
11
11
17
24
26
30
29
26
24
20
13
0
-4
-7
-13
-11
-12
-10
-10
-13
-8
-9
-11
-10
-11
-9
-9
-9
-9
-10
-7
-9
-10
-8
-8
-4
-7
-8
-7
-10
-6
-5
-6
-5
-8
-2
3
9
14
12
13
7
2
0
-7
-10
-11
-11
-9
-11
-10
-11
-10
-8
-12
-24
-36
-3
69
136
151
89
5
-41
-36
-17
-13
-14
-13
-15
-12
-11
-11
-8
-8
-5
-4
-3
1
3
5
6
8
10
9
11
15
20
27
30
31
26
23
23
10
0
-7
-12
-11
-11
-11
-11
-13
-11
-14
-11
-8
-10
-8
-10
-10
-9
-10
-10
-13
-11
-9
-12
-11
-12
-10
-10
-11
-9
-13
-12
-11
-15
-11
-8
-1
4
6
11
10
9
7
0
-3
-9
-10
-10
-12
-10
-12
-13
-11
-11
-6
-21
-37
-8
58
133
151
97
16
-40
-33
-13
-10
-8
-10
-8
-11
-10
-8
-11
-8
-7
-7
-3
-3
0
0
1
7
7
12
13
17
23
25
31
30
27
27
21
15
2
-7
-9
-11
-9
-10
-13
-10
-12
-11
-12
-14
-13
-14
-13
-15
-14
-10
-12
-11
-11
-11
-9
-11
-11
-13
-15
-13
-15
-13
-10
-9
-7
-11
-8
0
5
7
7
10
7
4
3
-5
-9
-10
-12
-10
-12
-10
-9
-11
-9
-9
-20
-38
-15
51
122
150
105
22
-35
-38
-16
-10
-12
-9
-10
-10
-9
-10
-7
-8
-6
-4
-8
-5
-2
0
0
-1
8
10
10
15
20
27
30
31
31
26
24
14
2
-4
-12
-13
-14
-14
-13
-13
-8
-8
-10
-7
-8
-7
-9
-8
-7
-9
-8
-10
-10
-8
-11
-7
-7
-9
-8
-10
-9
-9
-10
-8
-11
-9
-7
0
6
8
11
11
10
8
0
-2
-6
-7
-6
-10
-9
-9
-10
-10
-12
-8
-17
-36
-14
45
121
155
110
31
-32
-38
-16
-9
-9
-11
-9
-8
-10
-8
-8
-6
-6
-5
-1
-1
1
2
0
4
6
10
12
16
23
27
32
33
29
28
22
16
7
-4
-9
-14
-14
-14
-16
-12
-11
-9
-7
-10
-6
-9
-11
-10
-10
-7
-8
-8
-9
-12
-9
-9
-8
-8
-11
-9
-10
-11
-10
-12
-10
-10
-6
0
5
11
10
10
10
3
1
-3
-10
-13
-14
-11
-13
-16
-14
-16
-12
-10
-19
-37
-24
36
109
150
116
32
-33
-44
-24
-15
-16
-12
-13
-14
-10
-11
-6
-6
-10
-7
-9
-7
-5
-2
3
4
8
9
10
19
21
27
33
32
30
26
26
19
6
0
-6
-6
-7
-9
-7
-8
-6
-8
-10
-9
-12
-10
-10
-10
-6
-10
-12
-12
-14
-11
-11
-9
-10
-11
-6
-9
-10
-11
-13
-10
-11
-10
-9
-6
2
6
13
17
13
11
4
-2
-6
-10
-7
-8
-9
-11
-14
-11
-13
-12
-16
-39
-29
27
104
150
119
46
-27
-47
-23
-13
-11
-11
-10
-9
-14
-11
-10
-10
-8
-9
-6
-7
-5
0
-1
2
6
8
9
11
22
25
27
30
26
27
28
24
13
0
-1
-3
-7
-8
-9
-8
-9
-10
-9
-13
-11
-10
-9
-6
-8
-8
-10
-12
-9
-10
-8
-7
-8
-8
-10
-8
-9
-11
-9
-10
-8
-10
-11
-2
5
11
13
12
15
11
7
0
-10
-11
-11
-9
-9
-9
-8
-11
-8
-4
-11
-32
-30
24
101
150
132
55
-20
-44
-25
-12
-14
-11
-10
-13
-12
-12
-10
-9
-11
-8
-7
-5
-1
0
3
4
10
14
10
14
19
24
30
29
28
25
27
25
11
1
-6
-9
-9
-11
-8
-10
-11
-10
-11
-8
-10
-12
-13
-16
-13
-11
-11
-10
-13
-10
-10
-10
-10
-12
-11
-10
-9
-7
-12
-12
-11
-13
-10
-7
0
4
8
12
10
7
3
-3
-9
-14
-13
-14
-13
-9
-12
-10
-10
-9
-10
-33
-34
16
91
148
133
63
-14
-47
-26
-11
-10
-13
-15
-12
-11
-9
-9
-11
-9
-10
-7
-3
-2
0
0
3
4
5
10
10
16
22
23
29
27
27
29
21
11
0
-6
-9
-12
-8
-10
-10
-10
-13
-12
-13
-13
-12
-14
-12
-14
-10
-7
-10
-10
-11
-10
-8
-9
-7
-8
-9
-9
-12
-9
-9
-9
-7
-9
-3
1
6
12
12
13
11
6
0
-8
-7
-10
-13
-10
-13
-12
-11
-11
-9
-15
-33
-37
6
84
143
139
70
-10
-45
-31
-12
-10
-11
-8
-9
-10
-11
-13
-10
-9
-6
-6
-6
-1
-2
1
3
2
6
8
14
20
24
32
34
33
31
29
25
12
2
-4
-11
-10
-10
-10
-10
-10
-10
-12
-9
-9
-11
-8
-10
-9
-8
-10
-9
-11
-9
-8
-11
-10
-10
-8
-7
-8
-6
-11
-10
-7
-10
-7
-2
6
11
12
17
14
11
7
-1
-6
-12
-13
-11
-14
-12
-12
-10
-9
-11
-9
-28
-36
2
72
142
143
76
-3
-46
-31
-15
-13
-13
-14
-11
-12
-11
-9
-10
-7
-5
-3
-1
-3
0
0
0
6
8
13
16
21
26
28
33
32
26
27
21
12
0
-9
-10
-12
-11
-11
-12
-11
-14
-10
-8
-9
-9
-12
-10
-12
-12
-9
-11
-10
-10
-14
-12
-11
-10
-10
-12
-11
-12
-10
-12
-12
-8
-11
-6
2
7
12
10
11
12
7
1
-8
-12
-11
-12
-10
-13
-14
-11
-11
-8
-11
-28
-39
-6
67
134
145
87
4
-41
-33
-15
-12
-15
-10
-8
-10
-10
-10
-7
-9
-7
-4
-6
-2
0
1
4
6
10
10
16
21
22
28
31
30
29
27
27
16
4
-2
-11
-11
-11
-10
-11
-15
-13
-13
-13
-10
-15
-12
-10
-12
-11
-12
-9
-8
-9
-8
-11
-8
-9
-12
-10
-12
-10
-11
-11
-7
-10
-9
-7
-2
5
5
9
9
5
7
1
-4
-9
-12
-9
-9
-8
-10
-13
-9
-9
-8
-21
-37
-6
59
132
152
95
14
-40
-35
-15
-14
-13
-14
-13
-13
-12
-7
-9
-9
-5
-5
-4
-4
-1
0
0
5
7
10
12
14
23
28
32
30
26
28
23
14
3
-7
-9
-11
-12
-14
-14
-10
-12
-10
-10
-13
-10
-11
-11
-12
-15
-12
-13
-13
-12
-14
-11
-12
-13
-10
-12
-11
-12
-11
-8
-10
-11
-13
-9
0
4
12
17
18
17
12
8
0
-6
-5
-6
-6
-6
-9
-8
-8
-5
-5
-18
-33
-10
58
129
151
106
25
-30
-33
-15
-9
-13
-10
-9
-10
-10
-10
-8
-7
-6
-3
-4
-3
-3
-2
1
0
5
8
9
19
23
27
32
34
33
26
24
17
2
-3
-10
-12
-12
-12
-10
-12
-11
-10
-12
-11
-13
-12
-11
-15
-14
-15
-14
-13
-15
-14
-15
-13
-12
-15
-11
-14
-13
-11
-14
-13
-14
-14
-7
-2
3
5
7
9
6
3
-1
-7
-10
-11
-10
-10
-10
-9
-11
-11
-14
-14
-21
-40
-18
42
115
152
108
29
-36
-42
-17
-10
-10
-11
-10
-8
-10
-6
-7
-10
-6
-3
0
0
0
3
5
10
10
10
16
18
22
27
32
33
30
32
28
16
7
-3
-7
-9
-8
-6
-9
-8
-10
-12
-9
-10
-9
-11
-14
-12
-13
-10
-10
-12
-7
-6
-6
-8
-11
-9
-10
-11
-10
-10
-7
-10
-8
-7
-8
0
3
8
10
7
8
4
1
-4
-12
-9
-10
-11
-11
-13
-13
-13
-10
-9
-19
-35
-21
40
114
151
116
36
-29
-41
-21
-8
-10
-12
-11
-11
-7
-8
-8
-4
-6
-5
-4
0
1
-1
2
6
9
12
12
17
22
28
34
32
31
26
24
20
6
-2
-10
-15
-13
-16
-13
-12
-10
-8
-12
-11
-11
-12
-10
-12
-10
-10
-12
-9
-9
-8
-10
-10
-8
-10
-8
-9
-11
-9
-11
-10
-10
-10
-7
-4
2
10
13
15
10
7
5
-1
-7
-11
-10
-10
-12
-11
-11
-9
-9
-8
-13
-38
-28
30
104
150
119
42
-25
-44
-22
-14
-13
-11
-13
-10
-9
-8
-7
-8
-4
-4
-3
-1
-1
3
0
1
8
8
11
14
20
28
29
30
25
23
23
15
7
-3
-10
-13
-16
-14
-15
-14
-12
-15
-13
-14
-13
-11
-12
-11
-12
-11
-9
-12
-10
-11
-11
-10
-12
-10
-10
-12
-10
-11
-8
-10
-11
-9
-9
-1
6
10
12
12
14
10
3
1
-6
-7
-8
-9
-7
-9
-8
-9
-11
-8
-14
-33
-30
22
102
149
125
50
-21
-41
-24
-13
-13
-12
-9
-10
-10
-9
-10
-7
-7
-6
-4
-3
0
-2
1
4
5
8
8
13
20
26
34
31
28
28
24
20
7
-2
-8
-14
-13
-14
-10
-9
-13
-10
-11
-11
-10
-12
-10
-12
-10
-7
-9
-9
-12
-13
-13
-14
-9
-12
-13
-10
-12
-10
-10
-8
-7
-13
-11
-6
0
5
8
11
9
8
8
0
-2
-5
-7
-8
-10
-7
-7
-9
-9
-10
-11
-32
-33
19
92
149
135
63
-10
-41
-24
-12
-11
-7
-10
-10
-10
-11
-8
-9
-6
-6
-6
-4
-3
1
2
3
7
8
12
16
18
25
29
32
30
26
26
18
9
0
-8
-11
-13
-10
-8
-9
-8
-10
-9
-10
-11
-8
-10
-10
-9
-11
-9
-12
-10
-8
-10
-10
-11
-9
-8
-10
-9
-11
-11
-11
-12
-9
-10
-5
3
5
9
10
10
7
2
0
-7
-11
-10
-12
-9
-9
-9
-7
-10
-7
-10
-30
-34
10
88
146
138
74
-7
-45
-32
-15
-10
-11
-10
-13
-14
-10
-11
-10
-10
-9
-4
-5
-2
0
0
1
3
11
11
11
20
23
31
33
30
29
25
22
10
-2
-7
-15
-15
-13
-15
-14
-15
-14
-14
-12
-8
-12
-11
-12
-15
-11
-13
-12
-11
-11
-8
-10
-12
-13
-14
-12
-15
-15
-12
-12
-11
-13
-11
-4
0
5
6
10
11
9
8
0
-8
-10
-11
-7
-10
-10
-9
-12
-10
-10
-11
-28
-37
7
79
144
145
78
0
-45
-32
-14
-14
-11
-14
-15
-10
-11
-8
-7
-5
-3
-4
1
4
4
4
3
5
7
12
17
19
26
29
31
32
27
27
23
13
4
-3
-7
-10
-11
-10
-13
-11
-10
-10
-9
-13
-10
-9
-10
-8
-11
-10
-10
-10
-9
-13
-11
-10
-9
-8
-11
-9
-9
-10
-6
-8
-7
-7
-6
1
6
11
13
12
13
8
2
-6
-11
-9
-11
-10
-8
-10
-8
-9
-7
-7
-26
-37
-3
69
138
148
91
5
-44
-33
-15
-10
-11
-10
-10
-11
-8
-10
-9
-7
-8
-5
-5
-2
2
0
3
2
5
9
14
23
23
27
32
28
27
26
24
19
5
-3
-9
-11
-11
-14
-12
-13
-15
-15
-16
-13
-14
-14
-14
-18
-12
-9
-9
-8
-11
-12
-13
-13
-10
-11
-8
-8
-11
-10
-10
-9
-11
-12
-5
0
8
9
10
13
9
8
3
-4
-8
-11
-8
-10
-12
-10
-13
-10
-8
-9
-22
-39
-5
62
132
151
92
12
-40
-37
-13
-10
-10
-10
-13
-11
-14
-12
-9
-9
-4
-6
-6
-4
-2
0
0
2
5
5
9
13
19
24
26
27
23
25
25
14
4
-6
-10
-12
-15
-12
-12
-10
-9
-11
-9
-11
-10
-9
-11
-10
-13
-14
-12
-13
-11
-14
-13
-10
-13
-12
-12
-12
-10
-11
-8
-9
-11
-11
-10
0
6
10
12
10
10
6
1
-2
-10
-10
-9
-7
-6
-12
-11
-10
-10
-8
-24
-39
-13
52
127
149
101
19
-39
-39
-21
-13
-12
-13
-11
-13
-12
-10
-10
-8
-9
-3
0
0
1
0
4
7
9
13
12
16
20
25
31
30
30
28
21
17
6
0
-5
-10
-7
-10
-10
-9
-9
-8
-12
-11
-10
-11
-8
-10
-9
-8
-11
-7
-6
-4
-6
-10
-6
-7
-8
-7
-8
-5
-6
-6
-5
-6
-3
0
8
13
13
15
12
9
3
-6
-9
-11
-12
-10
-12
-10
-12
-13
-10
-11
-21
-42
-23
44
116
151
107
25
-35
-41
-17
-11
-13
-12
-15
-11
-11
-13
-11
-11
-7
-8
-9
-5
-5
-2
0
1
4
5
10
13
18
28
29
30
27
26
27
17
6
-4
-8
-6
-8
-8
-10
-13
-11
-13
-10
-11
-11
-7
-9
-8
-9
-11
-10
-13
-14
-13
-14
-13
-16
-14
-12
-14
-12
-12
-10
-9
-9
-8
-11
-4
4
7
10
9
9
9
2
-3
-8
-8
-7
-9
-8
-10
-8
-7
-11
-8
-19
-38
-21
37
116
155
118
38
-31
-39
-19
-11
-10
-12
-10
-12
-10
-6
-7
-5
-8
-6
-3
-6
-2
0
4
7
8
14
15
16
22
24
28
27
25
25
22
16
3
-6
-6
-9
-10
-11
-11
-8
-10
-9
-11
-13
-9
-11
-9
-10
-14
-12
-11
-10
-12
-12
-8
-10
-9
-10
-13
-10
-11
-9
-10
-11
-9
-9
-5
0
4
11
12
15
12
8
5
-4
-7
-8
-11
-9
-9
-10
-11
-13
-10
-9
-14
-35
-28
31
106
152
122
41
-26
-43
-20
-10
-13
-10
-13
-12
-8
-9
-6
-8
-5
-3
-5
-2
-2
1
4
4
8
10
12
16
18
25
29
33
31
25
25
19
9
0
-8
-9
-12
-13
-10
-10
-10
-14
-14
-12
-13
-10
-13
-13
-10
-12
-10
-10
-10
-7
-9
-8
-9
-11
-8
-8
-7
-10
-10
-9
-12
-9
-8
-5
2
6
10
11
11
10
4
0
-8
-10
-8
-10
-8
-10
-13
-10
-10
-6
-14
-36
-29
23
101
152
128
55
-19
-41
-20
-9
-7
-9
-5
-4
-7
-6
-10
-10
-8
-8
-7
-6
0
1
0
2
0
2
5
7
14
19
26
30
26
26
23
18
6
-5
-9
-14
-13
-13
-17
-13
-12
-11
-11
-15
-12
-12
-12
-10
-11
-10
-11
-13
-12
-11
-7
-9
-10
-9
-13
-11
-12
-12
-10
-11
-10
-11
-10
-4
0
6
8
9
10
5
3
-3
-10
-10
-13
-11
-9
-10
-9
-10
-7
-6
-11
-29
-31
20
96
151
134
60
-12
-42
-25
-9
-12
-11
-10
-11
-10
-10
-9
-9
-8
-4
-5
-2
-1
0
4
3
8
11
11
14
16
25
30
32
33
29
29
23
9
0
-6
-8
-10
-11
-9
-11
-11
-10
-13
-13
-15
-10
-7
-9
-8
-9
-9
-10
-12
-8
-11
-11
-10
-11
-8
-10
-11
-10
-13
-11
-10
-6
-4
-4
4
9
12
14
12
11
3
-4
-7
-8
-7
-11
-10
-9
-11
-11
-13
-10
-10
-31
-32
11
86
149
138
71
-9
-44
-24
-11
-10
-10
-10
-9
-11
-6
-5
-6
-4
-6
-5
-5
-2
0
-2
2
6
8
12
12
19
23
27
32
29
27
24
21
14
1
-5
-8
-11
-10
-12
-9
-9
-10
-8
-12
-12
-11
-12
-9
-10
-10
-11
-13
-10
-10
-10
-10
-11
-10
-14
-13
-12
-14
-11
-13
-13
-10
-10
-4
0
4
8
9
12
9
4
-3
-13
-12
-13
-14
-11
-11
-9
-9
-8
-9
-13
-29
-40
1
78
140
143
76
-3
-42
-32
-13
-10
-11
-11
-13
-11
-10
-10
-10
-10
-6
-7
-4
0
0
2
5
6
9
10
16
17
23
32
31
29
26
25
22
12
3
-6
-11
-12
-13
-11
-13
-13
-11
-14
-13
-13
-13
-13
-16
-15
-15
-15
-12
-15
-13
-11
-12
-11
-12
-11
-11
-10
-9
-13
-11
-12
-14
-11